

 ------- Summary -----------

 Trial: 00

 Single Pointing

 IPA Pointing No:         100

 Pointing information:

 RA, Dec of Central Pointing:
 Nod 0:     53.1409714   -27.7919712

 Official Assigned APT/MPT roll angle:
 PA_AP:    99.574600

 Actual MSA roll angle:
 PA_AP:    99.579041
 PA_V3:   321.004456

 RA, Dec of Nodded Pointings:
 Nod 1:     53.1411352   -27.7919957
 Nod 2:     53.1408077   -27.7919468

 MSA mask intended for: PRISM/CLEAR         

 Acceptance Zone Thresholds:  0.343 0.420
 Acceptance Zone Open Area Filling Factor:  0.576

 Overlap Acceptance Threshold: 3.500

 Total number of targets in input catalog:           13119
 Number of targets in Viable Slitlets:                1565
 Number of accepted targets:                           155
 Number of added spare slitlets:                         0


 Target breakdown by Priority Class:

   PrCl   In Catalog   In Slitlets   Accepted   % Accepted
    1           4           4           4         100.00
    2           2           1           1         100.00
    3           4           1           1         100.00
    4         129          27          24          88.89
    5          19           4           2          50.00
    6          46           7           2          28.57
    7          89          14           5          35.71
    8           2           1           0           0.00
    9           5           0           0            NaN
   10          15           4           0           0.00
   11          20           3           1          33.33
   12         412          47          24          51.06
   13         830         103          25          24.27
   14        1502         166          22          13.25
   15        1910         237          19           8.02
   16           3           0           0            NaN
   17        2391         282           9           3.19
   18        2506         324          12           3.70
   19         466          60           0           0.00
   20        2127         280           4           1.43


 Accepted targets, assigned slitlets and intra-shutter locations:

  No    ID_sub        ID_cat  pri  k0 i0  j0   rx0    ry0    k2 i2  j2   rx2    ry2    k1 i1  j1   rx1    ry1
   1         1         14170   1   1 148  93  0.218 -0.298   1 148  92  0.229 -0.288   1 148  94  0.206 -0.309
   2         2         14220   1   1 132  86 -0.232 -0.175   1 132  85 -0.220 -0.164   1 132  87 -0.244 -0.186
   3         3          6139   1   3  46  56 -0.222  0.319   3  46  55 -0.225  0.332   3  46  57 -0.220  0.305
   4         4         58975   1   2 234 156 -0.085  0.282   2 234 155 -0.080  0.266   2 234 157 -0.090  0.298
   5         6         10514   2   3 355 143 -0.324  0.292   3 355 142 -0.338  0.298   3 355 144 -0.310  0.285
   6         8         14177   3   1 128 122  0.041 -0.034   1 128 121  0.052 -0.026   1 128 123  0.029 -0.041
   7        11         13609   4   2  84 139  0.072  0.266   2  84 138  0.081  0.252   2  84 140  0.063  0.280
   8        12         13577   4   2 250  46  0.053  0.383   2 250  45  0.059  0.376   2 250  47  0.048  0.390
   9        16         13704   4   4 333  22 -0.174  0.228   4 333  21 -0.186  0.224   4 333  23 -0.162  0.232
  10        20         13878   4   4 187  35  0.017 -0.125   4 187  34  0.010 -0.130   4 187  36  0.024 -0.119
  11        32         13905   4   2 148 127 -0.261  0.337   2 148 126 -0.254  0.324   2 148 128 -0.269  0.351
  12        38         15125   4   4 244 129  0.019  0.035   4 244 128  0.011  0.022   4 244 130  0.027  0.048
  13        43          9842   4   1  39 159 -0.204 -0.410   1  39 158 -0.190 -0.405   1  39 160 -0.219 -0.414
  14        52         13885   4   2 185  41 -0.042 -0.162   2 185  40 -0.035 -0.169   2 185  42 -0.050 -0.156
  15        54          4296   4   1 163 135  0.003 -0.047   1 163 134  0.013 -0.041   1 163 136 -0.007 -0.054
  16        65         13620   4   2  27 112  0.138 -0.369   2  27 111  0.149 -0.381   2  27 113  0.127 -0.358
  17        66         13877   4   4 187  10  0.176 -0.332   4 187   9  0.168 -0.335   4 187  11  0.183 -0.328
  18        68          5173   4   1  48 141  0.062  0.098   1  48 140  0.076  0.104   1  48 142  0.047  0.092
  19        69         13361   4   2 165  80 -0.244 -0.412   2 165  79 -0.236 -0.421   2 165  81 -0.251 -0.402
  20        71          9880   4   1 100 114 -0.316 -0.411   1 100 113 -0.303 -0.403   1 100 115 -0.329 -0.420
  21        73         14132   4   2 220  10 -0.273  0.258   2 220   9 -0.266  0.254   2 220  11 -0.280  0.261
  22        91          9663   4   3 238  65 -0.306 -0.197   3 238  64 -0.317 -0.184   3 238  66 -0.296 -0.210
  23        99          9414   4   1  63  21  0.151 -0.052   1  63  20  0.166 -0.035   1  63  22  0.136 -0.068
  24       103         15134   4   4 226 135  0.174 -0.415   4 226 134  0.166 -0.428   4 226 136  0.182 -0.401
  25       105          9724   4   3  17 127 -0.340 -0.352   3  17 126 -0.341 -0.345   3  17 128 -0.338 -0.359
  26       108         13176   4   4  71  74 -0.181 -0.282   4  71  73 -0.185 -0.292   4  71  75 -0.178 -0.273
  27       111          9903   4   1 179  56  0.200 -0.123   1 179  55  0.210 -0.109   1 179  57  0.189 -0.136
  28       121         13309   4   4 181  91 -0.120 -0.311   4 181  90 -0.127 -0.322   4 181  92 -0.113 -0.301
  29       126          9315   4   3  59 112  0.047 -0.082   3  59 111  0.044 -0.074   3  59 113  0.050 -0.091
  30       137         13618   4   2  37 132 -0.082  0.245   2  37 131 -0.072  0.232   2  37 133 -0.092  0.258
  31       145         36017   5   4 247 156  0.059  0.317   4 247 155  0.051  0.302   4 247 157  0.067  0.332
  32       157          8071   5   1 109 150  0.137  0.157   1 109 149  0.149  0.162   1 109 151  0.125  0.152
  33       171          5113   6   3  49  39  0.245  0.051   3  49  38  0.243  0.067   3  49  40  0.248  0.036
  34       183          3803   6   1  37 154  0.238  0.412   1  37 153  0.253  0.418   1  37 155  0.224  0.407
  35       205         14117   7   1 197 109  0.111 -0.010   1 197 108  0.121 -0.001   1 197 110  0.102 -0.019
  36       235         14162   7   3  67 123  0.233  0.211   3  67 122  0.230  0.218   3  67 124  0.237  0.203
  37       250         14109   7   3  46  79 -0.266 -0.041   3  46  78 -0.268 -0.029   3  46  80 -0.263 -0.052
  38       255         14142   7   3  67 117  0.251  0.398   3  67 116  0.248  0.407   3  67 118  0.254  0.390
  39       274         14169   7   1 172  75  0.064 -0.311   1 172  74  0.074 -0.299   1 172  76  0.053 -0.323
  40       319          9175  11   1 104  35 -0.276  0.409   1 104  34 -0.262  0.425   1 104  36 -0.289  0.394
  41       359         16167  12   4 204 120  0.338 -0.320   4 204 119  0.331 -0.332   4 204 121  0.345 -0.307
  42       392         56849  12   2 208 152  0.146 -0.145   2 208 151  0.152 -0.160   2 208 153  0.141 -0.130
  43       395         11987  12   1 161 164 -0.329  0.237   1 161 163 -0.318  0.241   1 161 165 -0.339  0.233
  44       408          1796  12   4  73  14  0.185 -0.203   4  73  13  0.182 -0.207   4  73  15  0.189 -0.198
  45       412          5223  12   3 247  84 -0.166  0.306   3 247  83 -0.176  0.317   3 247  85 -0.156  0.295
  46       439         10715  12   4 352  31 -0.065 -0.383   4 352  30 -0.078 -0.387   4 352  32 -0.053 -0.378
  47       461          9695  12   3  52  67 -0.187 -0.309   3  52  66 -0.190 -0.296   3  52  68 -0.184 -0.321
  48       473           529  12   3 209  24  0.167 -0.082   3 209  23  0.158 -0.065   3 209  25  0.176 -0.098
  49       477         13318  12   4 103  98 -0.189 -0.267   4 103  97 -0.193 -0.278   4 103  99 -0.185 -0.256
  50       496         13510  12   4 281  76  0.307 -0.219   4 281  75  0.297 -0.227   4 281  77  0.317 -0.210
  51       512         13525  12   4 210  26 -0.235  0.018   4 210  25 -0.243  0.014   4 210  27 -0.227  0.023
  52       519         13854  12   2 236  67  0.103 -0.191   2 236  66  0.108 -0.199   2 236  68  0.097 -0.182
  53       523         57313  12   4 119 108 -0.202  0.401   4 119 107 -0.207  0.390   4 119 109 -0.197  0.413
  54       569            91  12   3 326  14  0.232 -0.381   3 326  13  0.218 -0.362   3 326  15  0.245 -0.398
  55       595         11153  12   4 208  69 -0.288 -0.173   4 208  68 -0.295 -0.182   4 208  70 -0.280 -0.165
  56       596          1158  12   3  92  31  0.307 -0.152   3  92  30  0.303 -0.136   3  92  32  0.311 -0.168
  57       611          9849  12   1 158  51 -0.079 -0.317   1 158  50 -0.068 -0.303   1 158  52 -0.091 -0.331
  58       633         13846  12   4 123  62  0.134 -0.410   4 123  61  0.128 -0.418   4 123  63  0.139 -0.402
  59       634          9515  12   4 105   3 -0.336 -0.276   4 105   2 -0.341 -0.279   4 105   4 -0.331 -0.273
  60       672         12170  12   2 151  86 -0.108 -0.072   2 151  85 -0.100 -0.082   2 151  87 -0.116 -0.062
  61       678          1892  12   3   6  97  0.184 -0.028   3   6  96  0.183 -0.018   3   6  98  0.184 -0.038
  62       681          6240  12   3  22  85  0.032  0.367   3  22  84  0.030  0.378   3  22  86  0.033  0.356
  63       692         13700  12   4 345  17  0.299 -0.254   4 345  16  0.286 -0.258   4 345  18  0.311 -0.251
  64       715         13839  12   4 353  45 -0.325 -0.064   4 353  44 -0.337 -0.069   4 353  46 -0.312 -0.058
  65       767          1645  13   4  98  21 -0.340 -0.078   4  98  20 -0.344 -0.082   4  98  22 -0.336 -0.073
  66       814          9609  13   1 109  47 -0.020  0.036   1 109  46 -0.007  0.051   1 109  48 -0.033  0.022
  67       833         14054  13   4 247  56  0.293  0.268   4 247  55  0.284  0.261   4 247  57  0.302  0.275
  68       844           798  13   3 184 137  0.160 -0.118   3 184 136  0.152 -0.111   3 184 138  0.168 -0.124
  69       855         58004  13   4 283 112  0.194 -0.128   4 283 111  0.184 -0.139   4 283 113  0.203 -0.116
  70       932          9858  13   1 138  69 -0.177  0.247   1 138  68 -0.165  0.259   1 138  70 -0.189  0.235
  71       938         13773  13   4 293   3 -0.277  0.381   4 293   2 -0.288  0.379   4 293   4 -0.266  0.384
  72       973           626  13   3 224 147  0.127  0.184   3 224 146  0.118  0.190   3 224 148  0.137  0.178
  73      1005         13301  13   4 251  52  0.067  0.144   4 251  51  0.058  0.138   4 251  53  0.076  0.151
  74      1067         13806  13   2  61  26 -0.183 -0.164   2  61  25 -0.171 -0.169   2  61  27 -0.195 -0.159
  75      1093         13475  13   3 355 115 -0.071 -0.172   3 355 114 -0.085 -0.163   3 355 116 -0.057 -0.181
  76      1157          5367  13   3  20 147  0.159  0.133   3  20 146  0.157  0.139   3  20 148  0.161  0.128
  77      1167         11356  13   3  18  73  0.314 -0.222   3  18  72  0.312 -0.210   3  18  74  0.315 -0.234
  78      1221          9707  13   3  20  48 -0.295  0.129   3  20  47 -0.297  0.144   3  20  49 -0.294  0.115
  79      1227         13797  13   2 177  51  0.302 -0.033   2 177  50  0.310 -0.041   2 177  52  0.295 -0.026
  80      1231         36262  13   4 203 151 -0.113  0.140   4 203 150 -0.120  0.125   4 203 152 -0.106  0.154
  81      1283          3681  13   1  15 170 -0.163 -0.029   1  15 169 -0.148 -0.025   1  15 171 -0.178 -0.032
  82      1291          9873  13   1  85  82 -0.236 -0.048   1  85  81 -0.222 -0.036   1  85  83 -0.250 -0.059
  83      1308         15344  13   2 190 148 -0.250  0.111   2 190 147 -0.244  0.096   2 190 149 -0.256  0.126
  84      1363           546  13   3 230  97 -0.259 -0.405   3 230  96 -0.269 -0.395   3 230  98 -0.250 -0.415
  85      1390          9451  13   3  79 141 -0.267 -0.088   3  79 140 -0.271 -0.082   3  79 142 -0.263 -0.094
  86      1449           269  13   3 288  74 -0.102  0.319   3 288  73 -0.114  0.332   3 288  75 -0.090  0.307
  87      1450         13578  13   2 268 114  0.231  0.190   2 268 113  0.235  0.178   2 268 115  0.226  0.203
  88      1542          9848  13   1 183 102  0.206 -0.084   1 183 101  0.216 -0.075   1 183 103  0.196 -0.094
  89      1552         11825  13   2 253  35 -0.022  0.038   2 253  34 -0.016  0.032   2 253  36 -0.027  0.044
  90      1607            76  14   3 341  38 -0.287 -0.178   3 341  37 -0.301 -0.162   3 341  39 -0.273 -0.193
  91      1614          9198  14   1 199  98  0.198 -0.170   1 199  97  0.207 -0.160   1 199  99  0.189 -0.179
  92      1680          4259  14   1 125  61  0.082 -0.041   1 125  60  0.094 -0.028   1 125  62  0.069 -0.054
  93      1752           633  14   3 202  89 -0.295 -0.038   3 202  88 -0.304 -0.027   3 202  90 -0.286 -0.049
  94      1794         11378  14   4  94  87  0.048 -0.035   4  94  86  0.043 -0.045   4  94  88  0.052 -0.025
  95      1811          5577  14   3 287  18 -0.310 -0.368   3 287  17 -0.322 -0.350   3 287  19 -0.297 -0.385
  96      1817          6145  14   3  43  63  0.175 -0.140   3  43  62  0.173 -0.127   3  43  64  0.178 -0.153
  97      1827          9131  14   1  84 129 -0.304 -0.017   1  84 128 -0.291 -0.010   1  84 130 -0.318 -0.025
  98      1829          7974  14   1 119  16 -0.049 -0.292   1 119  15 -0.036 -0.275   1 119  17 -0.062 -0.309
  99      1872         35336  14   4 332 139 -0.274  0.256   4 332 138 -0.284  0.243   4 332 140 -0.263  0.270
 100      1873         11980  14   2 210 101 -0.142 -0.022   2 210 100 -0.136 -0.033   2 210 102 -0.148 -0.010
 101      1902         13923  14   2  26  32 -0.189 -0.343   2  26  31 -0.177 -0.348   2  26  33 -0.202 -0.337
 102      2022         13597  14   2 143  97  0.301  0.332   2 143  96  0.309  0.321   2 143  98  0.293  0.343
 103      2098         11264  14   4 145  31 -0.222  0.413   4 145  30 -0.228  0.407   4 145  32 -0.216  0.418
 104      2107         35295  14   4 323  98  0.273  0.075   4 323  97  0.262  0.065   4 323  99  0.284  0.085
 105      2410         16442  14   2  14 154 -0.121 -0.009   2  14 153 -0.111 -0.024   2  14 155 -0.131  0.006
 106      2550        110391  14   2 279 135 -0.063 -0.127   2 279 134 -0.059 -0.141   2 279 136 -0.066 -0.113
 107      2741            85  14   3 339  42  0.245 -0.248   3 339  41  0.231 -0.233   3 339  43  0.259 -0.264
 108      2816         11898  14   2 226  55  0.313 -0.370   2 226  54  0.319 -0.378   2 226  56  0.306 -0.363
 109      2820         12106  14   2 144  14  0.021 -0.177   2 144  13  0.030 -0.181   2 144  15  0.011 -0.173
 110      2952         11849  14   2 262 107  0.289 -0.293   2 262 106  0.293 -0.305   2 262 108  0.284 -0.281
 111      3060        110744  14   4 143  44  0.150 -0.403   4 143  43  0.144 -0.409   4 143  45  0.156 -0.396
 112      3174          6054  15   3  81  93 -0.215  0.123   3  81  92 -0.219  0.134   3  81  94 -0.211  0.113
 113      3298          8310  15   1 181 118 -0.213  0.293   1 181 117 -0.203  0.301   1 181 119 -0.223  0.285
 114      3387          1014  15   3 132 106 -0.038 -0.135   3 132 105 -0.044 -0.125   3 132 107 -0.032 -0.144
 115      3404         37137  15   4  59 114  0.059 -0.254   4  59 113  0.056 -0.267   4  59 115  0.062 -0.242
 116      3420          9087  15   1  56 145  0.104  0.020   1  56 144  0.118  0.026   1  56 146  0.090  0.014
 117      3430          9246  15   3  67  17  0.250 -0.325   3  67  16  0.247 -0.307   3  67  18  0.253 -0.342
 118      3462          6157  15   3  25  25  0.330 -0.197   3  25  24  0.328 -0.180   3  25  26  0.331 -0.213
 119      3531          6235  15   3  50 167 -0.259 -0.004   3  50 166 -0.261 -0.001   3  50 168 -0.256 -0.008
 120      3627          6381  15   4  59  48  0.084 -0.139   4  59  47  0.081 -0.146   4  59  49  0.087 -0.132
 121      3780         10691  15   3 307 129 -0.193  0.403   3 307 128 -0.206  0.411   3 307 130 -0.181  0.396
 122      3866         11957  15   2 216  92 -0.152  0.357   2 216  91 -0.146  0.346   2 216  93 -0.158  0.367
 123      3973         12682  15   2  16 124 -0.044 -0.412   2  16 123 -0.033 -0.424   2  16 125 -0.055 -0.399
 124      3980         35180  15   4 350 108 -0.221 -0.086   4 350 107 -0.232 -0.097   4 350 109 -0.209 -0.075
 125      4354         10587  15   3 346 167 -0.267  0.140   3 346 166 -0.280  0.144   3 346 168 -0.253  0.135
 126      4701         13378  15   2 111  64 -0.321 -0.322   2 111  63 -0.312 -0.330   2 111  65 -0.331 -0.313
 127      4811          1926  15   4  70  55 -0.120  0.133   4  70  54 -0.124  0.125   4  70  56 -0.117  0.140
 128      4830          5882  15   3 136 101 -0.206 -0.130   3 136 100 -0.212 -0.120   3 136 102 -0.199 -0.140
 129      4849         12110  15   2 158  60 -0.170 -0.198   2 158  59 -0.162 -0.206   2 158  61 -0.178 -0.190
 130      4913         12615  15   2  18  77 -0.010  0.012   2  18  76  0.002  0.003   2  18  78 -0.022  0.021
 131      5078          1790  17   4  82  39  0.269 -0.025   4  82  38  0.265 -0.031   4  82  40  0.273 -0.019
 132      5080           413  17   3 249  56 -0.306  0.135   3 249  55 -0.316  0.149   3 249  57 -0.295  0.121
 133      5375          1283  17   3 116 151 -0.152 -0.415   3 116 150 -0.157 -0.410   3 116 152 -0.147 -0.420
 134      5463           143  17   3 323  50 -0.010 -0.238   3 323  49 -0.023 -0.224   3 323  51  0.004 -0.253
 135      5706          6171  17   3  33  52 -0.136 -0.169   3  33  51 -0.138 -0.155   3  33  53 -0.134 -0.183
 136      6287          3729  17   2 255  28 -0.022  0.380   2 255  27 -0.017  0.374   2 255  29 -0.028  0.385
 137      6797          3788  17   1  14 109  0.196 -0.185   1  14 108  0.212 -0.176   1  14 110  0.180 -0.194
 138      6966          1832  17   3  24 131  0.194 -0.357   3  24 130  0.192 -0.350   3  24 132  0.196 -0.364
 139      7109          4420  17   1 220 154 -0.241  0.111   1 220 153 -0.233  0.116   1 220 155 -0.249  0.106
 140      7614         11976  18   2 202  72 -0.323 -0.311   2 202  71 -0.316 -0.320   2 202  73 -0.329 -0.302
 141      7620         39029  18   2 264 139 -0.313 -0.139   2 264 138 -0.308 -0.154   2 264 140 -0.317 -0.125
 142      7705         12477  18   2  69 108  0.253 -0.009   2  69 107  0.263 -0.021   2  69 109  0.243  0.002
 143      7820         35977  18   4 238 145  0.198 -0.072   4 238 144  0.191 -0.086   4 238 146  0.206 -0.058
 144      7914         10642  18   3 334 162  0.290 -0.155   3 334 161  0.277 -0.150   3 334 163  0.303 -0.160
 145      7940          8160  18   1 103  65  0.166  0.232   1 103  64  0.179  0.245   1 103  66  0.153  0.219
 146      8385          5645  18   3 260  78  0.190  0.125   3 260  77  0.179  0.137   3 260  79  0.201  0.113
 147      8595           411  18   3 270 120  0.309 -0.162   3 270 119  0.298 -0.154   3 270 121  0.321 -0.170
 148      8703        104786  18   2 239 123  0.164  0.298   2 239 122  0.169  0.285   2 239 124  0.159  0.312
 149      9133         35217  18   4 331  86  0.263 -0.258   4 331  85  0.252 -0.267   4 331  87  0.274 -0.248
 150      9350         12566  18   2  39 117  0.261  0.182   2  39 116  0.272  0.170   2  39 118  0.251  0.195
 151      9825          5680  18   3 264 125  0.161 -0.151   3 264 124  0.150 -0.143   3 264 126  0.172 -0.159
 152     10517        106443  20   4  78  79  0.011  0.301   4  78  78  0.007  0.291   4  78  80  0.014  0.310
 153     10577        107514  20   2  26  21 -0.213 -0.176   2  26  20 -0.200 -0.180   2  26  22 -0.226 -0.172
 154     10829        105275  20   3 248 111 -0.086 -0.129   3 248 110 -0.096 -0.120   3 248 112 -0.076 -0.138
 155     11196        107531  20   2  11  71 -0.322 -0.120   2  11  70 -0.310 -0.128   2  11  72 -0.334 -0.112


 Sky Background Slitlets added to the MSA Mask:

