 #     k   i   j
   1   1 162  39
   2   1 226 170
   3   1  10  99
   4   1 220 159
   5   1  69  90
   6   2  66  36
   7   2  25  56
   8   2  54 145
   9   2 199  76
  10   2  32  94
  11   2 251  21
  12   2  66  46
  13   2  29  11
  14   2  14 103
  15   2  55   7
  16   2  39 158
  17   2  11 150
  18   3 318  93
  19   3 312 151
  20   3 350  28
  21   3 345 101
  22   3 355 157
  23   3 339  32
  24   3  23  21
  25   3   5 136
  26   4  67 156
  27   4 101 139
  28   4 260 116
  29   4  68 127
  30   4 346  61
  31   4 356  90
  32   4  65 144
  33   4 355  94
