#         Pointing  FOM2
    100    100     8.03851
    116    116     7.83266
    106    106     7.69332
    111    111     7.67813
    123    123     7.64708
     83     83     7.59984
    122    122     7.58675
     87     87     7.55332
    174    174     7.54103
    103    103     7.53797
     60     60     7.53625
    150    150     7.48997
    105    105     7.44239
     54     54     7.39716
    173    173     7.38485
    141    141     7.33649
     59     59     7.32731
     95     95     7.30437
    110    110     7.30327
     90     90     7.28857
     57     57     7.28757
     56     56     7.27514
    136    136     7.27339
     70     70     7.27020
    185    185     7.25732
    121    121     7.22680
    200    200     7.22108
    184    184     7.21563
     78     78     7.21064
     79     79     7.20998
    104    104     7.20992
     52     52     7.16867
     35     35     7.16625
     81     81     7.16339
     77     77     7.16307
    151    151     7.15119
     65     65     7.14787
    117    117     7.11836
    203    203     7.10390
    109    109     7.10260
    135    135     7.09158
     62     62     7.08624
    207    207     7.08551
    155    155     7.08109
    118    118     7.07092
     63     63     7.07078
     68     68     7.04358
    171    171     7.04240
     50     50     7.04201
    112    112     7.03957
     72     72     7.02933
     51     51     7.02589
     46     46     7.02481
    129    129     7.02337
    195    195     7.01591
    128    128     7.01492
    199    199     7.01348
    226    226     7.01045
     99     99     7.00842
     69     69     7.00630
     86     86     7.00544
    127    127     6.99520
     41     41     6.99491
    102    102     6.99369
    131    131     6.99320
     82     82     6.98953
    160    160     6.98553
    197    197     6.98003
    139    139     6.97642
     53     53     6.96627
    166    166     6.96608
    183    183     6.96533
     58     58     6.96469
     64     64     6.95983
    182    182     6.95334
    168    168     6.95105
     33     33     6.95041
     16     16     6.94891
     40     40     6.94617
     94     94     6.94327
    108    108     6.93092
    187    187     6.91643
     75     75     6.90008
    145    145     6.89881
    115    115     6.89650
    165    165     6.89015
    157    157     6.88926
    169    169     6.88829
    191    191     6.88826
    177    177     6.88384
    142    142     6.88299
    181    181     6.88193
    210    210     6.87329
    198    198     6.87126
     97     97     6.87089
     47     47     6.86979
    119    119     6.86904
    188    188     6.85366
    232    232     6.85235
    149    149     6.84707
    138    138     6.84254
    193    193     6.83751
    113    113     6.83713
     74     74     6.83573
    179    179     6.83557
    158    158     6.82835
     85     85     6.82060
    223    223     6.81899
     71     71     6.81020
     93     93     6.80563
     80     80     6.80119
     98     98     6.79406
    163    163     6.79247
    140    140     6.79026
     67     67     6.77779
    107    107     6.77713
    101    101     6.77609
    159    159     6.77539
    224    224     6.77405
    234    234     6.77198
    154    154     6.76699
     55     55     6.76007
    167    167     6.75979
     32     32     6.74698
      6      6     6.73445
    189    189     6.73194
      9      9     6.73150
    220    220     6.73101
    235    235     6.72593
     37     37     6.71502
    221    221     6.71456
    153    153     6.71189
     61     61     6.71189
    146    146     6.71165
     89     89     6.71001
     49     49     6.69946
    126    126     6.69583
    209    209     6.68323
     44     44     6.68243
    147    147     6.68189
    178    178     6.68139
    208    208     6.68028
     92     92     6.67975
     76     76     6.67763
     73     73     6.67569
     10     10     6.66794
     38     38     6.66559
    161    161     6.66515
    190    190     6.65575
    172    172     6.65115
    204    204     6.65024
    176    176     6.63424
     24     24     6.62276
     43     43     6.62183
     15     15     6.62012
    170    170     6.61986
    164    164     6.61930
     88     88     6.61759
     66     66     6.60624
     21     21     6.60609
    192    192     6.58965
    222    222     6.58959
    180    180     6.58802
     39     39     6.58732
     36     36     6.58704
    143    143     6.58660
     42     42     6.58302
    175    175     6.57562
     26     26     6.57250
    114    114     6.57243
    137    137     6.55962
    134    134     6.55956
     12     12     6.55846
     25     25     6.54239
    125    125     6.52718
    213    213     6.52690
     29     29     6.51848
      1      1     6.51235
    205    205     6.51136
    162    162     6.50912
    219    219     6.49687
     22     22     6.49579
     91     91     6.49492
    130    130     6.49466
     84     84     6.49389
    156    156     6.49388
    225    225     6.47837
    148    148     6.46646
     23     23     6.46315
     45     45     6.46169
    152    152     6.46073
      7      7     6.44764
    217    217     6.41955
      3      3     6.41776
     19     19     6.41626
    133    133     6.41535
    132    132     6.41519
    206    206     6.40858
    212    212     6.40501
    202    202     6.40374
    201    201     6.40211
    144    144     6.40031
     96     96     6.40027
     17     17     6.39632
    233    233     6.38217
    120    120     6.35453
      8      8     6.35146
      5      5     6.34390
    211    211     6.34032
    216    216     6.33940
     48     48     6.33883
    186    186     6.32421
      2      2     6.29401
     30     30     6.28991
     34     34     6.27558
    214    214     6.24628
      4      4     6.23410
     28     28     6.22222
    196    196     6.21785
    218    218     6.21417
     13     13     6.21231
    124    124     6.18762
    215    215     6.10623
     20     20     6.06154
     14     14     6.05526
     27     27     6.05502
    194    194     6.04108
     18     18     6.03811
     31     31     6.03778
    227    227     6.01447
     11     11     5.85054
    231    231     5.82191
    230    230     5.72587
    229    229     5.69665
    228    228     5.47541
